# no_encoding = [1.00000842447587, 0.9720201643139535, 0.9436094631232437, 0.9147408605085225, 0.8853719279128368, 0.8554498201094958, 0.8249087749268698, 0.7936705923349745, 0.7615676843969352, 0.7285524029467838]

# Three-qubit error
# out_of_3 = [0.9999919216495146, 0.965789359435681, 0.9325345935917291, 0.899863711994792, 0.8676583609251639, 0.835473057851615, 0.8031797094903379, 0.7704456798388427, 0.7370488935370401, 0.7026613733056741]

# Two-qubit error
# out_of_2 = [1.0000028188839645, 0.9718547539576974, 0.9430182704334801, 0.9134532116358323, 0.8830371378016031, 0.8518050566047888, 0.8197294466531815, 0.7866955756702698, 0.7526505062636797, 0.7175139934907342]
# out_of_3 = [1.0000000000000002, 0.9768180690645252, 0.9535614307305444, 0.9302177868075087, 0.9067722701864936, 0.8832067085159699, 0.8594986085069205, 0.835619723763835, 0.8115339832899028, 0.7871944043089273]
# out_of_4 = [1.000006312344378, 0.9792330783398298, 0.9585445982553266, 0.9381107254318317, 0.9177498565646274, 0.8974500251057442, 0.8765949860850692, 0.85619723763835, 0.8341153398289928, 0.8137194403089273]

# Single-qubit error
# out_of_1 = [1.00000842447587, 0.9720201643139535, 0.9436094631232437, 0.9147408605085225, 0.8853719279128368, 0.8554498201094958, 0.8249087749268698, 0.7936705923349745, 0.7615676843969352, 0.7285524029467838]
# out_of_2 = [1.0000028188839607, 0.9859509104460265, 0.9714913366397014, 0.9566744082025076, 0.9414317907084935, 0.9257313077178659, 0.9095021491553554, 0.8926957390870671, 0.8752453094537165, 0.8571211821196896]
# out_of_3 = [0.9999919216494148, 0.9883286944804147, 0.9764330918922862, 0.9643331743154799, 0.9520124348718644, 0.9393892985570266, 0.9264764453807265, 0.9132635248998463, 0.899680240534553, 0.885709164541201]
# out_of_4 = [1.0, 0.996337720834737, 0.9920609222730088, 0.9877841237112805, 0.9825276109745151, 0.9772710982377497, 0.9658380169017708, 0.964404935565792, 0.9564481223548268, 0.9484913091438616]
