# f = [1.00000842447587, 0.9720201643139535, 0.9436094631232437, 0.9147408605085225, 0.8853719279128368, 0.8554498201094958, 0.8249087749268698, 0.7936705923349745, 0.7615676843969352, 0.7285524029467838]

# All-qubit error
# a = [1.00000842447587, 0.9720201643139535, 0.9436094631232437, 0.9147408605085225, 0.8853719279128368, 0.8554498201094958, 0.8249087749268698, 0.7936705923349745, 0.7615676843969352, 0.7285524029467838]
# 4 = [1.0, 0.9065940741444614, 0.8240481522471041, 0.741502230349747, 0.672194320440357, 0.6028864105309669, 0.5452806724610157, 0.4876749343910647, 0.5159653205005186, 0.5442557066099725]

# Three-qubit error
# 3 = [0.9999919162631112, 0.9615953407005988, 0.9239721753419852, 0.8870275112994683, 0.8505610548588827, 0.8144646651494305, 0.7785282410636245, 0.7425529186711071, 0.7063621376340568, 0.6697290561532738]

# Two-qubit error
# 2 = [1.0000028153326186, 0.9719894647753933, 0.9434273536781601, 0.9141236503931955, 0.8843033849318855, 0.8537253775838384, 0.8223209221164001, 0.7900837925137203, 0.756851148010444, 0.7226656154174518]
# 3 = [0.9999919162631112, 0.9615954127192532, 0.9239895154079849, 0.8870267197760062, 0.8504843233562466, 0.8144650967088312, 0.778528106983289, 0.7424934298953023, 0.7063601324555291, 0.6697224234945378]
# 4 = 

# Single-qubit error
# 1 = [1.00000842447587, 0.9720156755842668, 0.9436020130031658, 0.9147376392959259, 0.8853817713919307, 0.8554810599525142, 0.8249634450685209, 0.7936450979872849, 0.761563833193651, 0.7285499049983893]
# 2 = [1.0000028153326186, 0.971970605106683, 0.9434324355519563, 0.9140788827395872, 0.8842098021931692, 0.8535985662925483, 0.8220696108615717, 0.7895946770673137, 0.7562105172530876, 0.7216764658921311]
# 3 = [0.9999919162631112, 0.9613005212010964, 0.9228146116149355, 0.8846029662608317, 0.8463280357487251, 0.80795889464482, 0.7694840161969574, 0.7306517754541544, 0.6912738290116249, 0.6512886048172787]
# 4 = [1.0, 0.9839897332024796, 0.9618960576142863, 0.939802382026093, 0.9102163816882005, 0.880630381350308, 0.8443667342441816, 0.8081030871380552, 0.7662368164001672, 0.724370545662279]

# Zero-error
# 1 = [1.00000842447587, 0.9718216882179544, 0.9427922253132471, 0.9128466056766569, 0.8818998687909382, 0.849851002212701, 0.8165800986481313, 0.7819449985374911, 0.7456942277261294, 0.7077182283375845]
# 2 = [1.0000028153326186, 0.9449836571505703, 0.8909945456486302, 0.8381469521160447, 0.7864774372403791, 0.7360633969958132, 0.6869786447859068, 0.6483571255093009, 0.7075145400908357, 0.6809595279402308]
# 3 = [0.9999919162631112, 0.9191744467441288, 0.8434580331859945, 0.7727378742553214, 0.7069460631837629, 0.6547465033471942, 0.6623844937680082, 0.6215594682052195, 0.5819207479454797, 0.5433424553462718]
# 4 = [1.0000063128153946, 0.953300193479928, 0.9065940741444614, 0.8240481522471041, 0.741502230349747, 0.672194320440357, 0.6028864105309669, 0.5452806724610157, 0.4876749343910647, 0.5159653204976833, 0.544255706604302]
